[gd_scene load_steps=22 format=2]

[ext_resource path="res://Player/Player.tscn" type="PackedScene" id=1]
[ext_resource path="res://Level/Level.gd" type="Script" id=2]
[ext_resource path="res://Enemy/Enemy.tscn" type="PackedScene" id=3]
[ext_resource path="res://UI/UI.tscn" type="PackedScene" id=4]
[ext_resource path="res://Collectible/Cow.tscn" type="PackedScene" id=5]
[ext_resource path="res://Collectible/Sheep.tscn" type="PackedScene" id=6]

[sub_resource type="SpatialMaterial" id=1]
albedo_color = Color( 0.345098, 0.568627, 0.25098, 1 )

[sub_resource type="CubeMesh" id=2]
material = SubResource( 1 )
size = Vector3( 150, 2, 150 )

[sub_resource type="BoxShape" id=3]
extents = Vector3( 75, 1, 75 )

[sub_resource type="BoxShape" id=4]
extents = Vector3( 50, 15, 1 )

[sub_resource type="BoxShape" id=5]
extents = Vector3( 5.5, 2.5, 3.5 )

[sub_resource type="CubeMesh" id=6]
size = Vector3( 11, 5, 7 )

[sub_resource type="SpatialMaterial" id=7]
albedo_color = Color( 0.321569, 0.203922, 0.054902, 1 )

[sub_resource type="SpatialMaterial" id=8]
albedo_color = Color( 0.572549, 0.345098, 0.0509804, 1 )

[sub_resource type="CylinderMesh" id=9]
material = SubResource( 8 )
top_radius = 0.3
bottom_radius = 0.5
height = 4.0

[sub_resource type="SphereMesh" id=10]
radius = 3.0
height = 4.0

[sub_resource type="SpatialMaterial" id=11]
albedo_color = Color( 0.341176, 0.721569, 0.0823529, 1 )

[sub_resource type="CylinderShape" id=12]
radius = 0.5
height = 5.0

[sub_resource type="SpatialMaterial" id=14]
albedo_color = Color( 0.466667, 0.301961, 0.0431373, 1 )

[sub_resource type="CubeMesh" id=13]
material = SubResource( 14 )
size = Vector3( 0.1, 0.5, 2 )

[sub_resource type="BoxShape" id=15]
extents = Vector3( 0.05, 0.25, 1 )

[node name="Level" type="Node"]
script = ExtResource( 2 )
_enemy_scene = ExtResource( 3 )

[node name="Sun" type="DirectionalLight" parent="."]
transform = Transform( 1, 0, 0, 0, 1, 0, 0, 0, 1, 0, 100, 0 )

[node name="Ground" type="StaticBody" parent="."]
transform = Transform( 1, 0, 0, 0, 1, 0, 0, 0, 1, 0, -1, 0 )
collision_layer = 2
collision_mask = 0
__meta__ = {
"_edit_group_": true,
"_edit_lock_": true
}

[node name="MeshInstance" type="MeshInstance" parent="Ground"]
mesh = SubResource( 2 )
material/0 = null

[node name="CollisionShape" type="CollisionShape" parent="Ground"]
shape = SubResource( 3 )

[node name="Barriers" type="StaticBody" parent="Ground"]
collision_layer = 0

[node name="Left" type="CollisionShape" parent="Ground/Barriers"]
transform = Transform( -4.37114e-08, 0, 1, 0, 1, 0, -1, 0, -4.37114e-08, -50, 15, 0 )
shape = SubResource( 4 )

[node name="Top" type="CollisionShape" parent="Ground/Barriers"]
transform = Transform( 1, 0, 0, 0, 1, 0, 0, 0, 1, 0, 15, -50 )
shape = SubResource( 4 )

[node name="Right" type="CollisionShape" parent="Ground/Barriers"]
transform = Transform( -4.37114e-08, 0, 1, 0, 1, 0, -1, 0, -4.37114e-08, 50, 15, 0 )
shape = SubResource( 4 )

[node name="Bottom" type="CollisionShape" parent="Ground/Barriers"]
transform = Transform( 1, 0, 0, 0, 1, 0, 0, 0, 1, 0, 15, 50 )
shape = SubResource( 4 )

[node name="Props" type="Spatial" parent="Ground"]

[node name="Barn" type="StaticBody" parent="Ground/Props"]
transform = Transform( 0.855419, 0, 0.517937, 0, 1, 0, -0.517937, 0, 0.855419, 25.5366, 3.5, -52.7876 )
collision_layer = 2
collision_mask = 0
__meta__ = {
"_edit_group_": true
}

[node name="CollisionShape" type="CollisionShape" parent="Ground/Props/Barn"]
shape = SubResource( 5 )

[node name="MeshInstance" type="MeshInstance" parent="Ground/Props/Barn"]
mesh = SubResource( 6 )
material/0 = SubResource( 7 )

[node name="Barn2" type="StaticBody" parent="Ground/Props"]
transform = Transform( 0.961204, 0, -0.275839, 0, 1, 0, 0.275839, 0, 0.961204, -18.5043, 3.5, 29.0251 )
collision_layer = 2
collision_mask = 0
__meta__ = {
"_edit_group_": true
}

[node name="CollisionShape" type="CollisionShape" parent="Ground/Props/Barn2"]
shape = SubResource( 5 )
__meta__ = {
"_editor_description_": ""
}

[node name="MeshInstance" type="MeshInstance" parent="Ground/Props/Barn2"]
mesh = SubResource( 6 )
material/0 = SubResource( 7 )

[node name="Barn3" type="StaticBody" parent="Ground/Props"]
transform = Transform( 0.480178, 0, -0.877171, 0, 1, 0, 0.877171, 0, 0.480178, -39.9762, 3.5, -34.9205 )
collision_layer = 2
collision_mask = 0
__meta__ = {
"_edit_group_": true
}

[node name="CollisionShape" type="CollisionShape" parent="Ground/Props/Barn3"]
shape = SubResource( 5 )

[node name="MeshInstance" type="MeshInstance" parent="Ground/Props/Barn3"]
mesh = SubResource( 6 )
material/0 = SubResource( 7 )

[node name="Barn4" type="StaticBody" parent="Ground/Props"]
transform = Transform( 0.956249, 0, 0.292555, 0, 1, 0, -0.292555, 0, 0.956249, 61.8978, 3.5, 22.9126 )
collision_layer = 2
collision_mask = 0
__meta__ = {
"_edit_group_": true
}

[node name="CollisionShape" type="CollisionShape" parent="Ground/Props/Barn4"]
shape = SubResource( 5 )

[node name="MeshInstance" type="MeshInstance" parent="Ground/Props/Barn4"]
mesh = SubResource( 6 )
material/0 = SubResource( 7 )

[node name="Tree" type="StaticBody" parent="Ground/Props"]
transform = Transform( 1, 0, 0, 0, 1, 0, 0, 0, 1, 23, 3, 0 )
collision_layer = 2
collision_mask = 0
__meta__ = {
"_edit_group_": true
}

[node name="MeshInstance" type="MeshInstance" parent="Ground/Props/Tree"]
mesh = SubResource( 9 )
material/0 = null

[node name="MeshInstance2" type="MeshInstance" parent="Ground/Props/Tree"]
transform = Transform( 1, 0, 0, 0, 1, 0, 0, 0, 1, 0, 3, 0 )
mesh = SubResource( 10 )
material/0 = SubResource( 11 )

[node name="CollisionShape" type="CollisionShape" parent="Ground/Props/Tree"]
shape = SubResource( 12 )

[node name="Tree2" type="StaticBody" parent="Ground/Props"]
transform = Transform( 1, 0, 0, 0, 1, 0, 0, 0, 1, 34.2163, 3, 6.16349 )
collision_layer = 2
collision_mask = 0
__meta__ = {
"_edit_group_": true
}

[node name="MeshInstance" type="MeshInstance" parent="Ground/Props/Tree2"]
mesh = SubResource( 9 )
material/0 = null

[node name="MeshInstance2" type="MeshInstance" parent="Ground/Props/Tree2"]
transform = Transform( 1, 0, 0, 0, 1, 0, 0, 0, 1, 0, 3, 0 )
mesh = SubResource( 10 )
material/0 = SubResource( 11 )

[node name="CollisionShape" type="CollisionShape" parent="Ground/Props/Tree2"]
shape = SubResource( 12 )

[node name="Tree3" type="StaticBody" parent="Ground/Props"]
transform = Transform( 1, 0, 0, 0, 1, 0, 0, 0, 1, 26.8385, 3, 8.78368 )
collision_layer = 2
collision_mask = 0
__meta__ = {
"_edit_group_": true
}

[node name="MeshInstance" type="MeshInstance" parent="Ground/Props/Tree3"]
mesh = SubResource( 9 )
material/0 = null

[node name="MeshInstance2" type="MeshInstance" parent="Ground/Props/Tree3"]
transform = Transform( 1, 0, 0, 0, 1, 0, 0, 0, 1, 0, 3, 0 )
mesh = SubResource( 10 )
material/0 = SubResource( 11 )

[node name="CollisionShape" type="CollisionShape" parent="Ground/Props/Tree3"]
shape = SubResource( 12 )

[node name="Tree4" type="StaticBody" parent="Ground/Props"]
transform = Transform( 1, 0, 0, 0, 1, 0, 0, 0, 1, -42.3349, 3.00001, 1.63657 )
collision_layer = 2
collision_mask = 0
__meta__ = {
"_edit_group_": true
}

[node name="MeshInstance" type="MeshInstance" parent="Ground/Props/Tree4"]
mesh = SubResource( 9 )
material/0 = null

[node name="MeshInstance2" type="MeshInstance" parent="Ground/Props/Tree4"]
transform = Transform( 1, 0, 0, 0, 1, 0, 0, 0, 1, 0, 3, 0 )
mesh = SubResource( 10 )
material/0 = SubResource( 11 )

[node name="CollisionShape" type="CollisionShape" parent="Ground/Props/Tree4"]
shape = SubResource( 12 )

[node name="Tree5" type="StaticBody" parent="Ground/Props"]
transform = Transform( 1, 0, 0, 0, 1, 0, 0, 0, 1, -35.4867, 3, 7.70259 )
collision_layer = 2
collision_mask = 0
__meta__ = {
"_edit_group_": true
}

[node name="MeshInstance" type="MeshInstance" parent="Ground/Props/Tree5"]
mesh = SubResource( 9 )
material/0 = null

[node name="MeshInstance2" type="MeshInstance" parent="Ground/Props/Tree5"]
transform = Transform( 1, 0, 0, 0, 1, 0, 0, 0, 1, 0, 3, 0 )
mesh = SubResource( 10 )
material/0 = SubResource( 11 )

[node name="CollisionShape" type="CollisionShape" parent="Ground/Props/Tree5"]
shape = SubResource( 12 )

[node name="Tree6" type="StaticBody" parent="Ground/Props"]
transform = Transform( 1, 0, 0, 0, 1, 0, 0, 0, 1, -5.14482, 3, -31.7682 )
collision_layer = 2
collision_mask = 0
__meta__ = {
"_edit_group_": true
}

[node name="MeshInstance" type="MeshInstance" parent="Ground/Props/Tree6"]
mesh = SubResource( 9 )
material/0 = null

[node name="MeshInstance2" type="MeshInstance" parent="Ground/Props/Tree6"]
transform = Transform( 1, 0, 0, 0, 1, 0, 0, 0, 1, 0, 3, 0 )
mesh = SubResource( 10 )
material/0 = SubResource( 11 )

[node name="CollisionShape" type="CollisionShape" parent="Ground/Props/Tree6"]
shape = SubResource( 12 )

[node name="Tree7" type="StaticBody" parent="Ground/Props"]
transform = Transform( 1, 0, 0, 0, 1, 0, 0, 0, 1, 3.82148, 3, -33.1586 )
collision_layer = 2
collision_mask = 0
__meta__ = {
"_edit_group_": true
}

[node name="MeshInstance" type="MeshInstance" parent="Ground/Props/Tree7"]
mesh = SubResource( 9 )
material/0 = null

[node name="MeshInstance2" type="MeshInstance" parent="Ground/Props/Tree7"]
transform = Transform( 1, 0, 0, 0, 1, 0, 0, 0, 1, 0, 3, 0 )
mesh = SubResource( 10 )
material/0 = SubResource( 11 )

[node name="CollisionShape" type="CollisionShape" parent="Ground/Props/Tree7"]
shape = SubResource( 12 )

[node name="Tree8" type="StaticBody" parent="Ground/Props"]
transform = Transform( 1, 0, 0, 0, 1, 0, 0, 0, 1, 2.93001, 3, -24.5458 )
collision_layer = 2
collision_mask = 0
__meta__ = {
"_edit_group_": true
}

[node name="MeshInstance" type="MeshInstance" parent="Ground/Props/Tree8"]
mesh = SubResource( 9 )
material/0 = null

[node name="MeshInstance2" type="MeshInstance" parent="Ground/Props/Tree8"]
transform = Transform( 1, 0, 0, 0, 1, 0, 0, 0, 1, 0, 3, 0 )
mesh = SubResource( 10 )
material/0 = SubResource( 11 )

[node name="CollisionShape" type="CollisionShape" parent="Ground/Props/Tree8"]
shape = SubResource( 12 )

[node name="Tree9" type="StaticBody" parent="Ground/Props"]
transform = Transform( 1, 0, 0, 0, 1, 0, 0, 0, 1, 16.1183, 3, 27.0997 )
collision_layer = 2
collision_mask = 0
__meta__ = {
"_edit_group_": true
}

[node name="MeshInstance" type="MeshInstance" parent="Ground/Props/Tree9"]
mesh = SubResource( 9 )
material/0 = null

[node name="MeshInstance2" type="MeshInstance" parent="Ground/Props/Tree9"]
transform = Transform( 1, 0, 0, 0, 1, 0, 0, 0, 1, 0, 3, 0 )
mesh = SubResource( 10 )
material/0 = SubResource( 11 )

[node name="CollisionShape" type="CollisionShape" parent="Ground/Props/Tree9"]
shape = SubResource( 12 )

[node name="Tree10" type="StaticBody" parent="Ground/Props"]
transform = Transform( 1, 0, 0, 0, 1, 0, 0, 0, 1, 26.0479, 3, 24.1128 )
collision_layer = 2
collision_mask = 0
__meta__ = {
"_edit_group_": true
}

[node name="MeshInstance" type="MeshInstance" parent="Ground/Props/Tree10"]
mesh = SubResource( 9 )
material/0 = null

[node name="MeshInstance2" type="MeshInstance" parent="Ground/Props/Tree10"]
transform = Transform( 1, 0, 0, 0, 1, 0, 0, 0, 1, 0, 3, 0 )
mesh = SubResource( 10 )
material/0 = SubResource( 11 )

[node name="CollisionShape" type="CollisionShape" parent="Ground/Props/Tree10"]
shape = SubResource( 12 )

[node name="Tree11" type="StaticBody" parent="Ground/Props"]
transform = Transform( 1, 0, 0, 0, 1, 0, 0, 0, 1, -12.5534, 3, -36.9928 )
collision_layer = 2
collision_mask = 0
__meta__ = {
"_edit_group_": true
}

[node name="MeshInstance" type="MeshInstance" parent="Ground/Props/Tree11"]
mesh = SubResource( 9 )
material/0 = null

[node name="MeshInstance2" type="MeshInstance" parent="Ground/Props/Tree11"]
transform = Transform( 1, 0, 0, 0, 1, 0, 0, 0, 1, 0, 3, 0 )
mesh = SubResource( 10 )
material/0 = SubResource( 11 )

[node name="CollisionShape" type="CollisionShape" parent="Ground/Props/Tree11"]
shape = SubResource( 12 )

[node name="Fence" type="RigidBody" parent="Ground/Props"]
transform = Transform( 0.91247, 0, 0.409143, 0, 1, 0, -0.409143, 0, 0.91247, -19.953, 1.25, -19.6658 )
collision_layer = 2
collision_mask = 2
mass = 10.0
__meta__ = {
"_edit_group_": true
}

[node name="MeshInstance" type="MeshInstance" parent="Ground/Props/Fence"]
mesh = SubResource( 13 )
material/0 = null

[node name="CollisionShape" type="CollisionShape" parent="Ground/Props/Fence"]
shape = SubResource( 15 )

[node name="Fence2" type="RigidBody" parent="Ground/Props"]
transform = Transform( 0.989769, 0, 0.142681, 0, 1, 0, -0.142681, 0, 0.989769, -19.2159, 1.25, -17.0764 )
collision_layer = 2
collision_mask = 2
mass = 10.0
__meta__ = {
"_edit_group_": true
}

[node name="MeshInstance" type="MeshInstance" parent="Ground/Props/Fence2"]
mesh = SubResource( 13 )
material/0 = null

[node name="CollisionShape" type="CollisionShape" parent="Ground/Props/Fence2"]
shape = SubResource( 15 )

[node name="Fence3" type="RigidBody" parent="Ground/Props"]
transform = Transform( 0.989769, 0, 0.142681, 0, 1, 0, -0.142681, 0, 0.989769, -18.9634, 1.25, -14.7294 )
collision_layer = 2
collision_mask = 2
mass = 10.0
__meta__ = {
"_edit_group_": true
}

[node name="MeshInstance" type="MeshInstance" parent="Ground/Props/Fence3"]
mesh = SubResource( 13 )
material/0 = null

[node name="CollisionShape" type="CollisionShape" parent="Ground/Props/Fence3"]
shape = SubResource( 15 )

[node name="Fence4" type="RigidBody" parent="Ground/Props"]
transform = Transform( 0.989769, 0, 0.142681, 0, 1, 0, -0.142681, 0, 0.989769, -18.722, 1.25, -12.4395 )
collision_layer = 2
collision_mask = 2
mass = 10.0
__meta__ = {
"_edit_group_": true
}

[node name="MeshInstance" type="MeshInstance" parent="Ground/Props/Fence4"]
mesh = SubResource( 13 )
material/0 = null

[node name="CollisionShape" type="CollisionShape" parent="Ground/Props/Fence4"]
shape = SubResource( 15 )

[node name="Fence5" type="RigidBody" parent="Ground/Props"]
transform = Transform( 0.990764, 0, -0.135595, 0, 1, 0, 0.135595, 0, 0.990764, -18.5446, 1.25, -9.97442 )
collision_layer = 2
collision_mask = 2
mass = 10.0
__meta__ = {
"_edit_group_": true
}

[node name="MeshInstance" type="MeshInstance" parent="Ground/Props/Fence5"]
mesh = SubResource( 13 )
material/0 = null

[node name="CollisionShape" type="CollisionShape" parent="Ground/Props/Fence5"]
shape = SubResource( 15 )

[node name="Fence6" type="RigidBody" parent="Ground/Props"]
transform = Transform( 0.990764, 0, -0.135595, 0, 1, 0, 0.135595, 0, 0.990764, -18.8659, 1.25, -7.50614 )
collision_layer = 2
collision_mask = 2
mass = 10.0
__meta__ = {
"_edit_group_": true
}

[node name="MeshInstance" type="MeshInstance" parent="Ground/Props/Fence6"]
mesh = SubResource( 13 )
material/0 = null

[node name="CollisionShape" type="CollisionShape" parent="Ground/Props/Fence6"]
shape = SubResource( 15 )

[node name="Fence7" type="RigidBody" parent="Ground/Props"]
transform = Transform( 0.990764, 0, -0.135595, 0, 1, 0, 0.135595, 0, 0.990764, -19.2838, 1.25, -5.08601 )
collision_layer = 2
collision_mask = 2
mass = 10.0
__meta__ = {
"_edit_group_": true
}

[node name="MeshInstance" type="MeshInstance" parent="Ground/Props/Fence7"]
mesh = SubResource( 13 )
material/0 = null

[node name="CollisionShape" type="CollisionShape" parent="Ground/Props/Fence7"]
shape = SubResource( 15 )

[node name="Fence8" type="RigidBody" parent="Ground/Props"]
transform = Transform( 0.990764, 0, -0.135595, 0, 1, 0, 0.135595, 0, 0.990764, -19.8236, 1.25, -2.3981 )
collision_layer = 2
collision_mask = 2
mass = 10.0
__meta__ = {
"_edit_group_": true
}

[node name="MeshInstance" type="MeshInstance" parent="Ground/Props/Fence8"]
mesh = SubResource( 13 )
material/0 = null

[node name="CollisionShape" type="CollisionShape" parent="Ground/Props/Fence8"]
shape = SubResource( 15 )

[node name="Collectibles" type="Spatial" parent="Ground"]

[node name="Cow" parent="Ground/Collectibles" instance=ExtResource( 5 )]
transform = Transform( 1, 0, 0, 0, 1, 0, 0, 0, 1, -39.8194, 1.5, -10.3353 )

[node name="Cow2" parent="Ground/Collectibles" instance=ExtResource( 5 )]
transform = Transform( 0.735908, 0, -0.677081, 0, 1, 0, 0.677081, 0, 0.735908, -34.563, 1.5, -7.76743 )

[node name="Cow3" parent="Ground/Collectibles" instance=ExtResource( 5 )]
transform = Transform( 0.232478, 0, -0.972602, 0, 1, 0, 0.972602, 0, 0.232478, -31.8127, 1.5, -18.7605 )

[node name="Cow4" parent="Ground/Collectibles" instance=ExtResource( 5 )]
transform = Transform( 0.780736, 0, -0.624861, 0, 1, 0, 0.624861, 0, 0.780736, 38.4576, 1.5, 13.6936 )

[node name="Cow5" parent="Ground/Collectibles" instance=ExtResource( 5 )]
transform = Transform( -0.368238, 0, -0.929732, 0, 1, 0, 0.929732, 0, -0.368238, 38.2032, 1.5, 19.0364 )

[node name="Cow6" parent="Ground/Collectibles" instance=ExtResource( 5 )]
transform = Transform( -0.0265083, 0, -0.999649, 0, 1, 0, 0.999649, 0, -0.0265083, -29.2173, 1.5, 40.5346 )

[node name="Cow7" parent="Ground/Collectibles" instance=ExtResource( 5 )]
transform = Transform( 0.523406, 0, -0.852083, 0, 1, 0, 0.852083, 0, 0.523406, -25.9098, 1.5, 38.3721 )

[node name="Sheep" parent="Ground/Collectibles" instance=ExtResource( 6 )]
transform = Transform( 0.786677, 0, 0.617365, 0, 1, 0, -0.617365, 0, 0.786677, -32.057, 1.25, -13.611 )

[node name="Sheep2" parent="Ground/Collectibles" instance=ExtResource( 6 )]
transform = Transform( -0.862425, 0, 0.506184, 0, 1, 0, -0.506184, 0, -0.862425, -39.4446, 1.25, -15.63 )

[node name="Sheep3" parent="Ground/Collectibles" instance=ExtResource( 6 )]
transform = Transform( -0.0500352, 0, 0.998747, 0, 1, 0, -0.998747, 0, -0.0500352, -36.2555, 1.25, -12.6703 )

[node name="Sheep4" parent="Ground/Collectibles" instance=ExtResource( 6 )]
transform = Transform( -0.595706, 0, 0.803202, 0, 1, 0, -0.803202, 0, -0.595706, -35.7049, 1.25, -16.2265 )

[node name="Sheep5" parent="Ground/Collectibles" instance=ExtResource( 6 )]
transform = Transform( -0.999801, 0, -0.0199304, 0, 1, 0, 0.0199304, 0, -0.999801, -29.7627, 1.25, -16.1806 )

[node name="Sheep6" parent="Ground/Collectibles" instance=ExtResource( 6 )]
transform = Transform( -0.999801, 0, -0.0199304, 0, 1, 0, 0.0199304, 0, -0.999801, 1.49725, 1.25, 6.77252 )

[node name="Sheep7" parent="Ground/Collectibles" instance=ExtResource( 6 )]
transform = Transform( -0.798646, 0, 0.601801, 0, 1, 0, -0.601801, 0, -0.798646, 1.49725, 1.25, -2.62733 )

[node name="Sheep8" parent="Ground/Collectibles" instance=ExtResource( 6 )]
transform = Transform( -0.161018, 0, 0.986951, 0, 1, 0, -0.986951, 0, -0.161018, 4.55766, 1.25, 2.4005 )

[node name="Sheep9" parent="Ground/Collectibles" instance=ExtResource( 6 )]
transform = Transform( -0.516668, 0, 0.856186, 0, 1, 0, -0.856186, 0, -0.516668, 33.413, 1.25, -32.3571 )

[node name="Sheep10" parent="Ground/Collectibles" instance=ExtResource( 6 )]
transform = Transform( -0.877398, 0, 0.479764, 0, 1, 0, -0.479764, 0, -0.877398, 30.5712, 1.25, -22.9572 )

[node name="Sheep11" parent="Ground/Collectibles" instance=ExtResource( 6 )]
transform = Transform( -0.663313, 0, 0.748343, 0, 1, 0, -0.748343, 0, -0.663313, 27.5108, 1.25, -31.0455 )

[node name="Sheep12" parent="Ground/Collectibles" instance=ExtResource( 6 )]
transform = Transform( -0.944491, 0, 0.328537, 0, 1, 0, -0.328537, 0, -0.944491, 31.6642, 1.25, -28.2037 )

[node name="Sheep13" parent="Ground/Collectibles" instance=ExtResource( 6 )]
transform = Transform( -0.301288, 0, 0.953533, 0, 1, 0, -0.953533, 0, -0.301288, 36.4734, 1.25, -28.6409 )

[node name="Sheep14" parent="Ground/Collectibles" instance=ExtResource( 6 )]
transform = Transform( -0.301288, 0, 0.953533, 0, 1, 0, -0.953533, 0, -0.301288, 35.599, 1.25, 21.856 )

[node name="Sheep15" parent="Ground/Collectibles" instance=ExtResource( 6 )]
transform = Transform( -0.615304, 0, 0.78829, 0, 1, 0, -0.78829, 0, -0.615304, 39.3152, 1.25, 24.4792 )

[node name="Sheep16" parent="Ground/Collectibles" instance=ExtResource( 6 )]
transform = Transform( -0.615304, 0, 0.78829, 0, 1, 0, -0.78829, 0, -0.615304, 34.9432, 1.25, 16.391 )

[node name="Sheep17" parent="Ground/Collectibles" instance=ExtResource( 6 )]
transform = Transform( 0.906485, 0, 0.422238, 0, 1, 0, -0.422238, 0, 0.906485, 41.5012, 1.25, 16.1724 )

[node name="Sheep18" parent="Ground/Collectibles" instance=ExtResource( 6 )]
transform = Transform( 0.906485, 0, 0.422238, 0, 1, 0, -0.422238, 0, 0.906485, -28.8883, 1.25, 36.2837 )

[node name="Enemies" type="Spatial" parent="."]

[node name="SpawnTimer" type="Timer" parent="Enemies"]
wait_time = 5.0
autostart = true

[node name="SpawnPoints" type="Spatial" parent="Enemies"]
transform = Transform( 1, 0, 0, 0, 1, 0, 0, 0, 1, 0, 2, 0 )

[node name="SpawnPoint" type="Position3D" parent="Enemies/SpawnPoints" groups=[
"EnemySpawnPoints",
]]
transform = Transform( 1, 0, 0, 0, 1, 0, 0, 0, 1, 63.4327, 0, 25.8177 )

[node name="SpawnPoint2" type="Position3D" parent="Enemies/SpawnPoints" groups=[
"EnemySpawnPoints",
]]
transform = Transform( 1, 0, 0, 0, 1, 0, 0, 0, 1, 26.6499, 0, -47.8172 )

[node name="SpawnPoint3" type="Position3D" parent="Enemies/SpawnPoints" groups=[
"EnemySpawnPoints",
]]
transform = Transform( 1, 0, 0, 0, 1, 0, 0, 0, 1, -17.685, 0, 26.6499 )

[node name="SpawnPoint4" type="Position3D" parent="Enemies/SpawnPoints" groups=[
"EnemySpawnPoints",
]]
transform = Transform( 1, 0, 0, 0, 1, 0, 0, 0, 1, -26.6499, 0, -27.148 )

[node name="Player" parent="." instance=ExtResource( 1 )]

[node name="UI" parent="." instance=ExtResource( 4 )]

[connection signal="timeout" from="Enemies/SpawnTimer" to="." method="_on_SpawnTimer_timeout"]
[connection signal="energy_changed" from="Player" to="UI" method="_on_Player_energy_changed"]
[connection signal="health_changed" from="Player" to="UI" method="_on_Player_health_changed"]
[connection signal="score_changed" from="Player" to="UI" method="_on_Player_score_changed"]
